312 80
313 80
313 81
313 82
313 83
313 84
313 85
313 86
313 87
313 88
313 89
313 90
313 91
313 92
313 93
313 94
313 95
313 96
313 97
313 98
313 99
313 100
313 101
313 102
313 103
313 104
313 105
313 106
313 107
313 108
313 109
313 110
313 111
313 112
313 113
313 114
314 114
314 115
314 116
314 117
314 118
314 119
314 120
314 121
314 122
314 123
314 124
314 125
314 126
314 127
314 128
314 129
314 130
314 131
314 132
314 133
314 134
314 135
314 136
314 137
314 138
314 139
314 140
314 141
314 142
314 143
314 144
314 145
314 146
314 147
314 148
315 148
315 149
315 150
315 151
315 152
315 153
315 154
315 155
315 156
315 157
315 158
315 159
315 160
315 161
315 162
315 163
315 164
315 165
315 166
315 167
315 168
315 169
315 170
315 171
315 172
315 173
315 174
315 175
315 176
315 177
315 178
315 179
315 180
315 181
315 182
316 182
316 183
316 184
316 185
316 186
316 187
316 188
316 189
316 190
316 191
316 192
316 193
316 194
316 195
316 196
316 197
316 198
316 199
316 200
316 201
316 202
316 203
316 204
316 205
316 206
316 207
316 208
316 209
316 210
316 211
316 212
316 213
316 214
316 215
316 216
317 216
317 217
317 218
317 219
317 220
317 221
317 222
317 223
317 224
317 225
317 226
317 227
317 228
317 229
317 230
317 231
317 232
317 233
317 234
317 235
317 236
317 237
317 238
317 239
317 240
317 241
317 242
317 243
317 244
317 245
317 246
317 247
317 248
317 249
317 250
318 250
318 251
318 252
318 253
318 254
318 255
318 256
318 257
318 258
318 259
318 260
318 261
318 262
318 263
318 264
318 265
318 266
318 267
318 268
318 269
318 270
318 271
318 272
318 273
318 274
318 275
318 276
318 277
318 278
318 279
318 280
318 281
318 282
318 283
318 284
319 284
319 285
319 286
319 287
319 288
319 289
319 290
319 291
319 292
319 293
319 294
319 295
319 296
319 297
319 298
319 299
319 300
319 301
319 302
319 303
319 304
319 305
319 306
319 307
319 308
319 309
319 310
319 311
319 312
319 313
319 314
319 315
319 316
319 317
319 318
320 318
320 319
320 320
320 321
320 322
320 323
320 324
320 325
320 326
320 327
320 328
320 329
320 330
320 331
320 332
320 333
320 334
320 335
320 336
320 337
320 338
320 339
320 340
320 341
320 342
320 343
320 344
320 345
320 346
320 347
320 348
320 349
320 350
320 351
320 352
321 352
321 353
321 354
321 355
321 356
321 357
321 358
321 359
321 360
321 361
321 362
321 363
321 364
321 365
321 366
321 367
321 368
321 369
321 370
321 371
321 372
321 373
321 374
321 375
321 376
321 377
321 378
321 379
321 380
321 381
321 382
321 383
321 384
321 385
321 386
322 386
322 387
322 388
322 389
322 390
322 391
322 392
322 393
322 394
322 395
322 396
322 397
322 398
322 399
322 400
322 401
322 402
322 403
322 404
322 405
322 406
322 407
322 408
322 409
322 410
322 411
322 412
322 413
322 414
322 415
322 416
322 417
322 418
322 419
322 420
323 420
323 421
323 422
323 423
323 424
323 425
323 426
323 427
323 428
323 429
323 430
323 431
323 432
323 433
323 434
323 435
323 436
323 437
323 438
323 439
323 440
323 441
323 442
323 443
323 444
323 445
323 446
323 447
323 448
323 449
323 450
323 451
323 452
323 453
323 454
324 454
324 455
324 456
324 457
324 458
324 459
324 460
324 461
324 462
324 463
324 464
324 465
324 466
324 467
324 468
324 469
324 470
324 471
324 472
324 473
324 474
324 475
324 476
324 477
324 478
324 479
324 480
324 481
324 482
324 483
324 484
324 485
324 486
324 487
324 488
325 488
325 489
325 490
325 491
325 492
325 493
325 494
325 495
325 496
325 497
325 498
325 499
325 500
325 501
325 502
325 503
325 504
325 505
325 506
325 507
325 508
325 509
325 510
325 511
325 512
325 513
325 514
325 515
325 516
325 517
325 518
322 519
323 519
324 519
325 519
325 520
325 521
325 522
325 523
