710 67
711 67
711 68
711 69
711 70
711 71
711 72
711 73
711 74
711 75
711 76
711 77
711 78
711 79
711 80
711 81
711 82
711 83
711 84
711 85
711 86
711 87
711 88
711 89
711 90
711 91
711 92
711 93
711 94
711 95
711 96
711 97
711 98
711 99
711 100
711 101
711 102
711 103
711 104
711 105
711 106
711 107
711 108
711 109
711 110
711 111
711 112
711 113
711 114
711 115
711 116
711 117
711 118
711 119
711 120
711 121
711 122
712 122
712 123
712 124
712 125
712 126
712 127
712 128
712 129
712 130
712 131
712 132
712 133
712 134
712 135
712 136
712 137
712 138
712 139
712 140
712 141
712 142
712 143
712 144
712 145
712 146
712 147
712 148
712 149
712 150
712 151
712 152
712 153
712 154
712 155
712 156
712 157
712 158
712 159
712 160
712 161
712 162
712 163
712 164
712 165
712 166
712 167
712 168
712 169
712 170
712 171
712 172
712 173
712 174
712 175
712 176
712 177
712 178
713 178
713 179
713 180
713 181
713 182
713 183
713 184
713 185
713 186
713 187
713 188
713 189
713 190
713 191
713 192
713 193
713 194
713 195
713 196
713 197
713 198
713 199
713 200
713 201
713 202
713 203
713 204
713 205
713 206
713 207
713 208
713 209
713 210
713 211
713 212
713 213
713 214
713 215
713 216
713 217
713 218
713 219
713 220
713 221
713 222
713 223
713 224
713 225
713 226
713 227
713 228
713 229
713 230
713 231
713 232
713 233
714 233
714 234
714 235
714 236
714 237
714 238
714 239
714 240
714 241
714 242
714 243
714 244
714 245
714 246
714 247
714 248
714 249
714 250
714 251
714 252
714 253
714 254
714 255
714 256
714 257
714 258
714 259
714 260
714 261
714 262
714 263
714 264
714 265
714 266
714 267
714 268
714 269
714 270
714 271
714 272
714 273
714 274
714 275
714 276
714 277
714 278
714 279
714 280
714 281
714 282
714 283
714 284
714 285
714 286
714 287
714 288
714 289
715 289
715 290
715 291
715 292
715 293
715 294
715 295
715 296
715 297
715 298
715 299
715 300
715 301
715 302
715 303
715 304
715 305
715 306
715 307
715 308
715 309
715 310
715 311
715 312
715 313
715 314
715 315
715 316
715 317
715 318
715 319
715 320
715 321
715 322
715 323
715 324
715 325
715 326
715 327
715 328
715 329
715 330
715 331
715 332
715 333
715 334
715 335
715 336
715 337
715 338
715 339
715 340
715 341
715 342
715 343
715 344
716 344
716 345
716 346
716 347
716 348
716 349
716 350
716 351
716 352
716 353
716 354
716 355
716 356
716 357
716 358
716 359
716 360
716 361
716 362
716 363
716 364
716 365
716 366
716 367
716 368
716 369
716 370
716 371
716 372
716 373
716 374
716 375
716 376
716 377
716 378
716 379
716 380
716 381
716 382
716 383
716 384
716 385
716 386
716 387
716 388
716 389
716 390
716 391
716 392
716 393
716 394
716 395
716 396
716 397
716 398
716 399
716 400
717 400
717 401
717 402
717 403
717 404
717 405
717 406
717 407
717 408
717 409
717 410
717 411
717 412
717 413
717 414
717 415
717 416
717 417
717 418
717 419
717 420
717 421
717 422
717 423
717 424
717 425
717 426
717 427
717 428
717 429
717 430
717 431
717 432
717 433
717 434
717 435
717 436
717 437
717 438
717 439
717 440
717 441
717 442
717 443
717 444
717 445
717 446
717 447
717 448
717 449
717 450
717 451
717 452
717 453
717 454
717 455
718 455
718 456
718 457
718 458
718 459
718 460
718 461
718 462
718 463
718 464
718 465
718 466
718 467
718 468
718 469
718 470
718 471
718 472
718 473
718 474
718 475
718 476
718 477
718 478
718 479
718 480
718 481
718 482
718 483
718 484
718 485
718 486
718 487
718 488
718 489
718 490
718 491
718 492
718 493
718 494
718 495
718 496
718 497
718 498
718 499
718 500
718 501
718 502
718 503
718 504
718 505
718 506
715 507
716 507
717 507
718 507
718 508
718 509
718 510
718 511
