266 79
267 79
267 80
267 81
267 82
267 83
267 84
267 85
267 86
267 87
267 88
267 89
267 90
267 91
267 92
267 93
267 94
267 95
267 96
267 97
267 98
267 99
267 100
267 101
267 102
267 103
267 104
267 105
267 106
267 107
267 108
267 109
267 110
267 111
267 112
267 113
267 114
267 115
268 115
268 116
268 117
268 118
268 119
268 120
268 121
268 122
268 123
268 124
268 125
268 126
268 127
268 128
268 129
268 130
268 131
268 132
268 133
268 134
268 135
268 136
268 137
268 138
268 139
268 140
268 141
268 142
268 143
268 144
268 145
268 146
268 147
268 148
268 149
268 150
268 151
268 152
269 152
269 153
269 154
269 155
269 156
269 157
269 158
269 159
269 160
269 161
269 162
269 163
269 164
269 165
269 166
269 167
269 168
269 169
269 170
269 171
269 172
269 173
269 174
269 175
269 176
269 177
269 178
269 179
269 180
269 181
269 182
269 183
269 184
269 185
269 186
269 187
269 188
269 189
270 189
270 190
270 191
270 192
270 193
270 194
270 195
270 196
270 197
270 198
270 199
270 200
270 201
270 202
270 203
270 204
270 205
270 206
270 207
270 208
270 209
270 210
270 211
270 212
270 213
270 214
270 215
270 216
270 217
270 218
270 219
270 220
270 221
270 222
270 223
270 224
270 225
270 226
271 226
271 227
271 228
271 229
271 230
271 231
271 232
271 233
271 234
271 235
271 236
271 237
271 238
271 239
271 240
271 241
271 242
271 243
271 244
271 245
271 246
271 247
271 248
271 249
271 250
271 251
271 252
271 253
271 254
271 255
271 256
271 257
271 258
271 259
271 260
271 261
271 262
271 263
272 263
272 264
272 265
272 266
272 267
272 268
272 269
272 270
272 271
272 272
272 273
272 274
272 275
272 276
272 277
272 278
272 279
272 280
272 281
272 282
272 283
272 284
272 285
272 286
272 287
272 288
272 289
272 290
272 291
272 292
272 293
272 294
272 295
272 296
272 297
272 298
272 299
272 300
273 300
273 301
273 302
273 303
273 304
273 305
273 306
273 307
273 308
273 309
273 310
273 311
273 312
273 313
273 314
273 315
273 316
273 317
273 318
273 319
273 320
273 321
273 322
273 323
273 324
273 325
273 326
273 327
273 328
273 329
273 330
273 331
273 332
273 333
273 334
273 335
273 336
274 336
274 337
274 338
274 339
274 340
274 341
274 342
274 343
274 344
274 345
274 346
274 347
274 348
274 349
274 350
274 351
274 352
274 353
274 354
274 355
274 356
274 357
274 358
274 359
274 360
274 361
274 362
274 363
274 364
274 365
274 366
274 367
274 368
274 369
274 370
274 371
274 372
274 373
275 373
275 374
275 375
275 376
275 377
275 378
275 379
275 380
275 381
275 382
275 383
275 384
275 385
275 386
275 387
275 388
275 389
275 390
275 391
275 392
275 393
275 394
275 395
275 396
275 397
275 398
275 399
275 400
275 401
275 402
275 403
275 404
275 405
275 406
275 407
275 408
275 409
275 410
276 410
276 411
276 412
276 413
276 414
276 415
276 416
276 417
276 418
276 419
276 420
276 421
276 422
276 423
276 424
276 425
276 426
276 427
276 428
276 429
276 430
276 431
276 432
276 433
276 434
276 435
276 436
276 437
276 438
276 439
276 440
276 441
276 442
276 443
276 444
276 445
276 446
276 447
277 447
277 448
277 449
277 450
277 451
277 452
277 453
277 454
277 455
277 456
277 457
277 458
277 459
277 460
277 461
277 462
277 463
277 464
277 465
277 466
277 467
277 468
277 469
277 470
277 471
277 472
277 473
277 474
277 475
277 476
277 477
277 478
277 479
277 480
277 481
277 482
277 483
277 484
278 484
278 485
278 486
278 487
278 488
278 489
278 490
278 491
278 492
278 493
278 494
278 495
278 496
278 497
278 498
278 499
278 500
278 501
278 502
278 503
278 504
278 505
278 506
278 507
278 508
278 509
278 510
278 511
278 512
278 513
278 514
278 515
278 516
275 517
276 517
277 517
278 517
278 518
278 519
278 520
278 521
