752 60
753 60
753 61
753 62
753 63
753 64
753 65
753 66
753 67
753 68
753 69
753 70
753 71
753 72
753 73
753 74
753 75
753 76
753 77
753 78
753 79
753 80
753 81
753 82
753 83
753 84
753 85
753 86
753 87
753 88
753 89
753 90
753 91
753 92
753 93
753 94
753 95
753 96
753 97
753 98
753 99
753 100
753 101
753 102
754 102
754 103
754 104
754 105
754 106
754 107
754 108
754 109
754 110
754 111
754 112
754 113
754 114
754 115
754 116
754 117
754 118
754 119
754 120
754 121
754 122
754 123
754 124
754 125
754 126
754 127
754 128
754 129
754 130
754 131
754 132
754 133
754 134
754 135
754 136
754 137
754 138
754 139
754 140
754 141
754 142
754 143
754 144
755 144
755 145
755 146
755 147
755 148
755 149
755 150
755 151
755 152
755 153
755 154
755 155
755 156
755 157
755 158
755 159
755 160
755 161
755 162
755 163
755 164
755 165
755 166
755 167
755 168
755 169
755 170
755 171
755 172
755 173
755 174
755 175
755 176
755 177
755 178
755 179
755 180
755 181
755 182
755 183
755 184
755 185
755 186
755 187
756 187
756 188
756 189
756 190
756 191
756 192
756 193
756 194
756 195
756 196
756 197
756 198
756 199
756 200
756 201
756 202
756 203
756 204
756 205
756 206
756 207
756 208
756 209
756 210
756 211
756 212
756 213
756 214
756 215
756 216
756 217
756 218
756 219
756 220
756 221
756 222
756 223
756 224
756 225
756 226
756 227
756 228
756 229
757 229
757 230
757 231
757 232
757 233
757 234
757 235
757 236
757 237
757 238
757 239
757 240
757 241
757 242
757 243
757 244
757 245
757 246
757 247
757 248
757 249
757 250
757 251
757 252
757 253
757 254
757 255
757 256
757 257
757 258
757 259
757 260
757 261
757 262
757 263
757 264
757 265
757 266
757 267
757 268
757 269
757 270
757 271
757 272
758 272
758 273
758 274
758 275
758 276
758 277
758 278
758 279
758 280
758 281
758 282
758 283
758 284
758 285
758 286
758 287
758 288
758 289
758 290
758 291
758 292
758 293
758 294
758 295
758 296
758 297
758 298
758 299
758 300
758 301
758 302
758 303
758 304
758 305
758 306
758 307
758 308
758 309
758 310
758 311
758 312
758 313
758 314
759 314
759 315
759 316
759 317
759 318
759 319
759 320
759 321
759 322
759 323
759 324
759 325
759 326
759 327
759 328
759 329
759 330
759 331
759 332
759 333
759 334
759 335
759 336
759 337
759 338
759 339
759 340
759 341
759 342
759 343
759 344
759 345
759 346
759 347
759 348
759 349
759 350
759 351
759 352
759 353
759 354
759 355
759 356
760 356
760 357
760 358
760 359
760 360
760 361
760 362
760 363
760 364
760 365
760 366
760 367
760 368
760 369
760 370
760 371
760 372
760 373
760 374
760 375
760 376
760 377
760 378
760 379
760 380
760 381
760 382
760 383
760 384
760 385
760 386
760 387
760 388
760 389
760 390
760 391
760 392
760 393
760 394
760 395
760 396
760 397
760 398
760 399
761 399
761 400
761 401
761 402
761 403
761 404
761 405
761 406
761 407
761 408
761 409
761 410
761 411
761 412
761 413
761 414
761 415
761 416
761 417
761 418
761 419
761 420
761 421
761 422
761 423
761 424
761 425
761 426
761 427
761 428
761 429
761 430
761 431
761 432
761 433
761 434
761 435
761 436
761 437
761 438
761 439
761 440
761 441
762 441
762 442
762 443
762 444
762 445
762 446
762 447
762 448
762 449
762 450
762 451
762 452
762 453
762 454
762 455
762 456
762 457
762 458
762 459
762 460
762 461
762 462
762 463
762 464
762 465
762 466
762 467
762 468
762 469
762 470
762 471
762 472
762 473
762 474
762 475
762 476
762 477
762 478
762 479
759 480
760 480
761 480
762 480
762 481
762 482
762 483
762 484
