230 80
231 80
231 81
231 82
231 83
231 84
231 85
231 86
231 87
231 88
231 89
231 90
231 91
231 92
231 93
231 94
231 95
231 96
231 97
231 98
231 99
231 100
231 101
231 102
231 103
231 104
232 104
232 105
232 106
232 107
232 108
232 109
232 110
232 111
232 112
232 113
232 114
232 115
232 116
232 117
232 118
232 119
232 120
232 121
232 122
232 123
232 124
232 125
232 126
232 127
232 128
233 128
233 129
233 130
233 131
233 132
233 133
233 134
233 135
233 136
233 137
233 138
233 139
233 140
233 141
233 142
233 143
233 144
233 145
233 146
233 147
233 148
233 149
233 150
233 151
233 152
234 152
234 153
234 154
234 155
234 156
234 157
234 158
234 159
234 160
234 161
234 162
234 163
234 164
234 165
234 166
234 167
234 168
234 169
234 170
234 171
234 172
234 173
234 174
234 175
234 176
235 176
235 177
235 178
235 179
235 180
235 181
235 182
235 183
235 184
235 185
235 186
235 187
235 188
235 189
235 190
235 191
235 192
235 193
235 194
235 195
235 196
235 197
235 198
235 199
235 200
236 200
236 201
236 202
236 203
236 204
236 205
236 206
236 207
236 208
236 209
236 210
236 211
236 212
236 213
236 214
236 215
236 216
236 217
236 218
236 219
236 220
236 221
236 222
236 223
236 224
236 225
237 225
237 226
237 227
237 228
237 229
237 230
237 231
237 232
237 233
237 234
237 235
237 236
237 237
237 238
237 239
237 240
237 241
237 242
237 243
237 244
237 245
237 246
237 247
237 248
237 249
238 249
238 250
238 251
238 252
238 253
238 254
238 255
238 256
238 257
238 258
238 259
238 260
238 261
238 262
238 263
238 264
238 265
238 266
238 267
238 268
238 269
238 270
238 271
238 272
238 273
239 273
239 274
239 275
239 276
239 277
239 278
239 279
239 280
239 281
239 282
239 283
239 284
239 285
239 286
239 287
239 288
239 289
239 290
239 291
239 292
239 293
239 294
239 295
239 296
239 297
240 297
240 298
240 299
240 300
240 301
240 302
240 303
240 304
240 305
240 306
240 307
240 308
240 309
240 310
240 311
240 312
240 313
240 314
240 315
240 316
240 317
240 318
240 319
240 320
240 321
241 321
241 322
241 323
241 324
241 325
241 326
241 327
241 328
241 329
241 330
241 331
241 332
241 333
241 334
241 335
241 336
241 337
241 338
241 339
241 340
241 341
241 342
241 343
241 344
241 345
242 345
242 346
242 347
242 348
242 349
242 350
242 351
242 352
242 353
242 354
242 355
242 356
242 357
242 358
242 359
242 360
242 361
242 362
242 363
242 364
242 365
242 366
242 367
242 368
242 369
242 370
243 370
243 371
243 372
243 373
243 374
243 375
243 376
243 377
243 378
243 379
243 380
243 381
243 382
243 383
243 384
243 385
243 386
243 387
243 388
243 389
243 390
243 391
243 392
243 393
243 394
244 394
244 395
244 396
244 397
244 398
244 399
244 400
244 401
244 402
244 403
244 404
244 405
244 406
244 407
244 408
244 409
244 410
244 411
244 412
244 413
244 414
244 415
244 416
244 417
244 418
245 418
245 419
245 420
245 421
245 422
245 423
245 424
245 425
245 426
245 427
245 428
245 429
245 430
245 431
245 432
245 433
245 434
245 435
245 436
245 437
245 438
245 439
245 440
245 441
245 442
246 442
246 443
246 444
246 445
246 446
246 447
246 448
246 449
246 450
246 451
246 452
246 453
246 454
246 455
246 456
246 457
246 458
246 459
246 460
246 461
246 462
246 463
246 464
246 465
246 466
247 466
247 467
247 468
247 469
247 470
247 471
247 472
247 473
247 474
247 475
247 476
247 477
247 478
247 479
247 480
247 481
247 482
247 483
247 484
247 485
247 486
244 487
245 487
246 487
247 487
247 488
247 489
247 490
247 491
