786 64
787 64
787 65
787 66
787 67
787 68
787 69
787 70
787 71
787 72
787 73
787 74
787 75
787 76
787 77
787 78
787 79
787 80
787 81
787 82
787 83
787 84
787 85
787 86
787 87
787 88
787 89
787 90
787 91
787 92
787 93
787 94
787 95
787 96
787 97
787 98
787 99
787 100
787 101
787 102
787 103
787 104
787 105
787 106
787 107
787 108
787 109
787 110
787 111
787 112
787 113
787 114
787 115
787 116
787 117
787 118
787 119
787 120
787 121
787 122
787 123
787 124
787 125
787 126
787 127
787 128
787 129
787 130
787 131
787 132
787 133
787 134
787 135
787 136
787 137
787 138
787 139
787 140
787 141
787 142
787 143
787 144
787 145
787 146
787 147
787 148
787 149
787 150
787 151
787 152
787 153
787 154
787 155
787 156
787 157
787 158
787 159
788 159
788 160
788 161
788 162
788 163
788 164
788 165
788 166
788 167
788 168
788 169
788 170
788 171
788 172
788 173
788 174
788 175
788 176
788 177
788 178
788 179
788 180
788 181
788 182
788 183
788 184
788 185
788 186
788 187
788 188
788 189
788 190
788 191
788 192
788 193
788 194
788 195
788 196
788 197
788 198
788 199
788 200
788 201
788 202
788 203
788 204
788 205
788 206
788 207
788 208
788 209
788 210
788 211
788 212
788 213
788 214
788 215
788 216
788 217
788 218
788 219
788 220
788 221
788 222
788 223
788 224
788 225
788 226
788 227
788 228
788 229
788 230
788 231
788 232
788 233
788 234
788 235
788 236
788 237
788 238
788 239
788 240
788 241
788 242
788 243
788 244
788 245
788 246
788 247
788 248
788 249
788 250
788 251
788 252
788 253
788 254
789 254
789 255
789 256
789 257
789 258
789 259
789 260
789 261
789 262
789 263
789 264
789 265
789 266
789 267
789 268
789 269
789 270
789 271
789 272
789 273
789 274
789 275
789 276
789 277
789 278
789 279
789 280
789 281
789 282
789 283
789 284
789 285
789 286
789 287
789 288
789 289
789 290
789 291
789 292
789 293
789 294
789 295
789 296
789 297
789 298
789 299
789 300
789 301
789 302
789 303
789 304
789 305
789 306
789 307
789 308
789 309
789 310
789 311
789 312
789 313
789 314
789 315
789 316
789 317
789 318
789 319
789 320
789 321
789 322
789 323
789 324
789 325
789 326
789 327
789 328
789 329
789 330
789 331
789 332
789 333
789 334
789 335
789 336
789 337
789 338
789 339
789 340
789 341
789 342
789 343
789 344
789 345
789 346
789 347
789 348
789 349
790 349
790 350
790 351
790 352
790 353
790 354
790 355
790 356
790 357
790 358
790 359
790 360
790 361
790 362
790 363
790 364
790 365
790 366
790 367
790 368
790 369
790 370
790 371
790 372
790 373
790 374
790 375
790 376
790 377
790 378
790 379
790 380
790 381
790 382
790 383
790 384
790 385
790 386
790 387
790 388
790 389
790 390
790 391
790 392
790 393
790 394
790 395
790 396
790 397
790 398
790 399
790 400
790 401
790 402
790 403
790 404
790 405
790 406
790 407
790 408
790 409
790 410
790 411
790 412
790 413
790 414
790 415
790 416
790 417
790 418
790 419
790 420
790 421
790 422
790 423
790 424
790 425
790 426
790 427
790 428
790 429
790 430
790 431
790 432
790 433
790 434
790 435
790 436
790 437
790 438
790 439
790 440
787 441
788 441
789 441
790 441
790 442
790 443
790 444
790 445
