513 67
514 67
514 68
514 69
514 70
514 71
514 72
514 73
514 74
514 75
514 76
514 77
514 78
514 79
514 80
514 81
514 82
514 83
514 84
514 85
514 86
514 87
514 88
514 89
514 90
514 91
514 92
514 93
514 94
514 95
514 96
514 97
514 98
514 99
514 100
514 101
514 102
515 102
515 103
515 104
515 105
515 106
515 107
515 108
515 109
515 110
515 111
515 112
515 113
515 114
515 115
515 116
515 117
515 118
515 119
515 120
515 121
515 122
515 123
515 124
515 125
515 126
515 127
515 128
515 129
515 130
515 131
515 132
515 133
515 134
515 135
515 136
515 137
516 137
516 138
516 139
516 140
516 141
516 142
516 143
516 144
516 145
516 146
516 147
516 148
516 149
516 150
516 151
516 152
516 153
516 154
516 155
516 156
516 157
516 158
516 159
516 160
516 161
516 162
516 163
516 164
516 165
516 166
516 167
516 168
516 169
516 170
516 171
516 172
516 173
517 173
517 174
517 175
517 176
517 177
517 178
517 179
517 180
517 181
517 182
517 183
517 184
517 185
517 186
517 187
517 188
517 189
517 190
517 191
517 192
517 193
517 194
517 195
517 196
517 197
517 198
517 199
517 200
517 201
517 202
517 203
517 204
517 205
517 206
517 207
517 208
518 208
518 209
518 210
518 211
518 212
518 213
518 214
518 215
518 216
518 217
518 218
518 219
518 220
518 221
518 222
518 223
518 224
518 225
518 226
518 227
518 228
518 229
518 230
518 231
518 232
518 233
518 234
518 235
518 236
518 237
518 238
518 239
518 240
518 241
518 242
518 243
519 243
519 244
519 245
519 246
519 247
519 248
519 249
519 250
519 251
519 252
519 253
519 254
519 255
519 256
519 257
519 258
519 259
519 260
519 261
519 262
519 263
519 264
519 265
519 266
519 267
519 268
519 269
519 270
519 271
519 272
519 273
519 274
519 275
519 276
519 277
519 278
519 279
520 279
520 280
520 281
520 282
520 283
520 284
520 285
520 286
520 287
520 288
520 289
520 290
520 291
520 292
520 293
520 294
520 295
520 296
520 297
520 298
520 299
520 300
520 301
520 302
520 303
520 304
520 305
520 306
520 307
520 308
520 309
520 310
520 311
520 312
520 313
520 314
521 314
521 315
521 316
521 317
521 318
521 319
521 320
521 321
521 322
521 323
521 324
521 325
521 326
521 327
521 328
521 329
521 330
521 331
521 332
521 333
521 334
521 335
521 336
521 337
521 338
521 339
521 340
521 341
521 342
521 343
521 344
521 345
521 346
521 347
521 348
521 349
521 350
522 350
522 351
522 352
522 353
522 354
522 355
522 356
522 357
522 358
522 359
522 360
522 361
522 362
522 363
522 364
522 365
522 366
522 367
522 368
522 369
522 370
522 371
522 372
522 373
522 374
522 375
522 376
522 377
522 378
522 379
522 380
522 381
522 382
522 383
522 384
522 385
523 385
523 386
523 387
523 388
523 389
523 390
523 391
523 392
523 393
523 394
523 395
523 396
523 397
523 398
523 399
523 400
523 401
523 402
523 403
523 404
523 405
523 406
523 407
523 408
523 409
523 410
523 411
523 412
523 413
523 414
523 415
523 416
523 417
523 418
523 419
523 420
524 420
524 421
524 422
524 423
524 424
524 425
524 426
524 427
524 428
524 429
524 430
524 431
524 432
524 433
524 434
524 435
524 436
524 437
524 438
524 439
524 440
524 441
524 442
524 443
524 444
524 445
524 446
524 447
524 448
524 449
524 450
524 451
524 452
524 453
524 454
524 455
524 456
525 456
525 457
525 458
525 459
525 460
525 461
525 462
525 463
525 464
525 465
525 466
525 467
525 468
525 469
525 470
525 471
525 472
525 473
525 474
525 475
525 476
525 477
525 478
525 479
525 480
525 481
525 482
525 483
525 484
525 485
525 486
525 487
525 488
525 489
525 490
525 491
526 491
526 492
526 493
526 494
526 495
526 496
526 497
526 498
526 499
526 500
526 501
526 502
526 503
526 504
526 505
526 506
526 507
526 508
526 509
526 510
526 511
526 512
526 513
526 514
526 515
526 516
526 517
526 518
526 519
526 520
526 521
526 522
523 523
524 523
525 523
526 523
526 524
526 525
526 526
526 527
